[[0.0017987658970902943, 0.9946090451767351, 0.001813190168911101, 0.0017789987572636367], [0.002648368582012465, 0.992043935309319, 0.0026539720333858046, 0.002653724075282656], [0.08758523239025647, 0.9080167543548009, 0.0021878030417561384, 0.0022102102131865355], [0.2572071317942025, 0.6996380203247357, 0.04277552000855097, 0.00037932787251089323], [0.0025957530253181414, 0.87087498559147, 0.12399176819262495, 0.002537493190586911], [0.8134042195526449, 0.05626415966345327, 0.12902853281061344, 0.0013030879732883872], [0.0006760052942790289, 0.19083997980330425, 0.8078093433222059, 0.0006746715802107282], [0.0017712508853196041, 0.9946846708654952, 0.0017759929286290683, 0.001768085320555997], [0.0024130795372779832, 0.7480667914381043, 0.24707904736829567, 0.002441081656321947], [0.2829968808139651, 0.000479216743262583, 0.019289459665918163, 0.6972344427768542], [0.0007124227097156368, 0.5964477196621597, 0.0007293950008797525, 0.402110462627245], [0.35125969364840276, 0.4620831362362629, 0.0005067529652593935, 0.18615041715007496], [0.33742054253268333, 0.6593741430679884, 0.001616061455085972, 0.001589252944242316], [0.03616566764584331, 0.6832934456907088, 0.0005844733073481652, 0.27995641335609966], [0.00280375829341817, 0.08097477928708552, 0.913415314373588, 0.0028061480459082204], [0.00043236782309652433, 0.6034007434564732, 0.00042900197443440386, 0.39573788674599586], [0.001357315605297336, 0.24541965339072838, 0.001376709956658107, 0.7518463210473162], [0.07542449009958942, 0.9238235084168223, 0.0003727848224474153, 0.00037921666114104933], [0.012475573240648774, 0.920289897604786, 0.0002738965038048158, 0.06696063265076063], [0.49824958240198075, 0.32306125857591866, 0.17689912457415824, 0.0017900344479423232], [0.9682310644352995, 0.0007842992871813669, 0.030201394383838013, 0.0007832418936809987], [0.6722599151996539, 0.3246140632851455, 0.0001539059276937604, 0.002972115587506975], [0.08358102811032103, 0.8365055990421856, 0.0004583408587038856, 0.07945503198878955], [0.17655110745119193, 0.2742038095008098, 0.5491026881511293, 0.00014239489686911552], [0.11166725535688386, 0.7876066999222334, 0.0006582268158288654, 0.10006781790505391], [0.0011055237507942605, 0.6047183640446431, 0.0011173084577526112, 0.39305880374681], [0.0005911944034989012, 0.7128163487286447, 0.28601094193254534, 0.000581514935310845], [0.44438560792903853, 0.004013178612977445, 0.3100822012909435, 0.24151901216704047], [0.6860949472771389, 0.0013656765656958757, 0.10916556191439156, 0.20337381424277373], [0.31938809996657247, 0.6663298139247904, 0.00039270969203906606, 0.013889376416598142], [0.3375610471308228, 0.6613006654055799, 0.0005567431547619983, 0.0005815443088353012], [0.0005183452456786554, 0.7880314180621507, 0.0005239548640099245, 0.21092628182816064], [0.0031271385365033866, 0.990608724755158, 0.0030653271202467, 0.0031988095880918542], [0.0026903307551154835, 0.5113157040499982, 0.002739754405582702, 0.48325421078930375], [0.4732330750184753, 0.46741678013438265, 0.001028282346884594, 0.05832186250025742], [0.002573285594957285, 0.7705277252303223, 0.1718405844316484, 0.05505840474307206], [0.021520408625686636, 0.000579312524938205, 0.8330134563528302, 0.14488682249654494], [0.271385412816198, 0.00020336288920574602, 0.14759834495011095, 0.5808128793444853], [0.29957682436166955, 0.1473450583051017, 0.5523230765378374, 0.0007550407953914692], [0.00669964941223719, 0.7455551320889305, 0.006508963158306371, 0.24123625534052584], [0.0016674930442293972, 0.9948545161563602, 0.0016432051543573307, 0.0018347856450530366], [0.6510343439816164, 0.34589178129872017, 0.0015396327667485281, 0.001534241952914897], [0.005084117046176006, 0.9848838458386413, 0.005014114622659519, 0.005017922492523055], [0.23095671367694492, 0.0036554109923504223, 0.5686005587976397, 0.19678731653306492], [0.005193574329989586, 0.9840211388727353, 0.005526370455290884, 0.005258916341984213], [0.00656933292739709, 0.9801207565659096, 0.0067506577775282555, 0.0065592527291651066], [0.24441707806589222, 0.1378877726799014, 0.20234369627264637, 0.4153514529815599], [0.9890288730083451, 0.0036536496343054555, 0.0036847037427204412, 0.0036327736146288493], [0.37790863188642654, 0.0006632019088808601, 0.6207642639256999, 0.0006639022789926303], [0.0016092541731955684, 0.03681869926339752, 0.001612220267659634, 0.9599598262957473], [0.023894286205321164, 0.9717180649444507, 0.0022175961496708517, 0.0021700527005573075], [0.8502809467711949, 0.00777794715874234, 0.007615760802069667, 0.13432534526799303], [0.0015465418630658486, 0.9953275335155252, 0.0015485702658954118, 0.0015773543555135622], [0.10622724279010437, 0.048670379960848054, 0.0004069739957701568, 0.8446954032532775], [0.0023855057505241537, 0.9927385242478973, 0.002460462592929794, 0.002415507408648682], [0.004657496323647197, 0.38467052550992176, 0.6060025613348051, 0.004669416831625936], [0.015955531813538804, 0.9766978265322936, 0.003726233192277414, 0.003620408461890175], [0.4045212494139015, 0.0007267856078687046, 0.5546729675136339, 0.04007899746459583], [0.43588007238214044, 0.10911116140928995, 0.1963449211954654, 0.25866384501310413], [0.3708484851897482, 0.3809223609820809, 0.08375507343377793, 0.16447408039439296], [0.0016248703968386687, 0.12018817412014529, 0.8589050079413697, 0.019281947541646395], [0.003493487218850124, 0.7894473773213087, 0.20359049269919083, 0.0034686427606504338], [0.5630207598359657, 0.1793664865796362, 0.0007998412875251089, 0.25681291229687286], [0.0021063785367156397, 0.9936008490692841, 0.0021331524113877725, 0.002159619982612433], [0.0919919217729378, 0.43786525622166567, 0.0008297820827122986, 0.4693130399226843], [0.5809776372240852, 0.41348378251883267, 0.0027378353099552647, 0.002800744947126874], [0.004979337373729095, 0.9849685288871239, 0.004834543770456824, 0.005217589968690116], [0.0016956530098096096, 0.10983616958950856, 0.8867554528869118, 0.0017127245137700253], [0.14831815997965658, 0.8473627742347908, 0.0021615620085385155, 0.0021575037770140584], [0.008330999794417926, 0.6013019862124943, 0.38196309896941927, 0.008403915023668513], [0.0007795932499059185, 0.0007812608045943655, 0.8795986932577824, 0.1188404526877173], [0.3456605114269987, 0.31335057440726316, 0.3406058082312985, 0.00038310593443966373], [0.7565610938805822, 0.23284328712061184, 0.005187297368972188, 0.005408321629833741], [0.0017354645884057663, 0.35244619380161757, 0.6440846287289927, 0.0017337128809840118], [0.7146717867349405, 0.001827940570163167, 0.2816991288881272, 0.001801143806769235], [0.0013695079630226773, 0.9959307685015589, 0.001357863308781593, 0.001341860226636766], [0.0010462404708358759, 0.20401356989102995, 0.793899595273578, 0.0010405943645561578], [0.046603374993063204, 0.25654373844173134, 0.5308540950081708, 0.16599879155703462], [0.0017750743356453886, 0.48558203465745575, 0.5108569103379468, 0.001785980668952132], [0.8809094328077014, 0.11710174196261486, 0.0009806788370498286, 0.0010081463926336174], [0.8727987887320567, 0.001963971074327332, 0.0019686323538508745, 0.1232686078397651], [0.19911632734563395, 0.5107341335510321, 0.2884075568710867, 0.0017419822322472206], [0.07015843262868796, 0.18144331121385032, 0.002073023604090356, 0.7463252325533715], [0.9416105476005631, 0.05725353408583079, 0.0005570884972082092, 0.0005788298163978031], [0.0021470316879099757, 0.9935548837962748, 0.0021790834030921075, 0.0021190011127230875], [0.0025912479301336538, 0.22523298320792484, 0.0025515596701425973, 0.7696242091917989], [0.016812816189421473, 0.017145890416264725, 0.6887232768146038, 0.27731801657971], [0.00027680940320841906, 0.21966576800766305, 0.0002752899408252979, 0.7797821326483033], [0.016011364749039792, 0.9519256458864447, 0.016119429549960547, 0.01594355981455511], [0.21892008478480576, 0.7804169119368868, 0.0003278047319708862, 0.0003351985463366077], [0.4566039473551873, 0.05330604690537169, 0.484002973767974, 0.006087031971467058], [0.2799573840621999, 0.5904225572949323, 0.12929654996199147, 0.0003235086808762335], [0.16859055228327072, 0.5884951367180394, 0.2424725198721398, 0.000441791126549962], [0.5073286488300159, 0.1124515260273872, 0.3184309894906231, 0.061788835651973836], [0.0009443981057750919, 0.4295851003256211, 0.39032471780911926, 0.1791457837594846], [0.12492147265747665, 0.00038182223083828466, 0.40963285574171404, 0.4650638493699711], [0.8304234918151147, 0.0004254951423031168, 0.1687350007609137, 0.0004160122816685029], [0.36568897125794236, 0.1758209134609324, 0.37543177910788433, 0.08305833617324086], [0.0027894895616044873, 0.5967022207257923, 0.0027153580124076615, 0.39779293170019564], [0.0005301121055361797, 0.8789885490309165, 0.0005321859324148445, 0.11994915293113252], [0.11554232478096031, 0.8420025101129841, 0.039460190129626226, 0.002994974976429284], [0.002534996381089489, 0.36961802918471964, 0.6253151223050265, 0.002531852129164478], [0.1607077643268314, 0.8356903537459277, 0.0017881161165056358, 0.0018137658107350953], [0.0012913135273443864, 0.7994372666292083, 0.19798332117032408, 0.0012880986731231806], [0.0018140095999451867, 0.8903845765237648, 0.0017795744973653565, 0.10602183937892454], [0.9960059287371577, 0.0013199080795701697, 0.0013106177805935898, 0.0013635454026784779], [0.07513444858817905, 0.8056556189272922, 0.0004408994556690281, 0.11876903302885967], [0.9121812387605228, 0.0003197255373159371, 0.00031964473006654715, 0.08717939097209461], [0.7191997004913117, 0.08511967308057267, 0.07419857783573965, 0.1214820485923761], [0.001326255058522671, 0.9960040620761251, 0.0013059001643851973, 0.001363782700967131], [0.13936214258416138, 0.24775023799692442, 0.07004742732193807, 0.5428401920969762], [0.9970622519369925, 0.0009766995529161384, 0.0009797330763817737, 0.0009813154337096454], [0.0005780321864607285, 0.9982457632228019, 0.0005858662280377822, 0.0005903383626996628], [0.8283887759356101, 0.0005629146854323299, 0.1705185420125839, 0.0005297673663736696], [0.0012577632193938816, 0.9962862708469709, 0.0012275092132007614, 0.001228456720434561], [0.049251650357166665, 0.0019309553181833695, 0.001982968986483552, 0.9468344253381663], [0.0018234705442631465, 0.32550190212424995, 0.6708216254111012, 0.001853001920385605], [0.3320906647678384, 0.19622417418349306, 0.47034939876010784, 0.0013357622885608101], [0.0011504921779834445, 0.32597041709843944, 0.6717267902751457, 0.0011523004484314382], [0.30779241420317976, 0.6906181750465478, 0.0007965026631403694, 0.0007929080871320435], [0.007464983832545416, 0.0007107796714123535, 0.0007143989444601924, 0.991109837551582], [0.000611038939529517, 0.4370442882525148, 0.5617214963868324, 0.0006231764211233096], [0.00034207540162657825, 0.4228469841315361, 0.49943729484773264, 0.07737364561910458], [0.11107099710919019, 0.4247285315861635, 0.28606508349442406, 0.17813538781022217], [0.004022117363156657, 0.695927974167263, 0.2147237494072111, 0.08532615906236923], [0.0017199891473303518, 0.0017053403084652306, 0.9484569521557757, 0.048117718388428626], [0.0017030695312196481, 0.7885629018638982, 0.0016818031094345748, 0.20805222549544755], [0.02824488066153407, 0.9175321356678886, 0.0008081793561543202, 0.053414804314422984], [0.0012279175157245946, 0.054962603563088436, 0.9425672091194942, 0.0012422698016927823], [0.0021059999585939914, 0.5523365347844748, 0.44343006367751386, 0.002127401579417376], [0.0019275127632373801, 0.2657187199017879, 0.7303712488819403, 0.0019825184530343556], [0.5068631026133532, 0.00033622486892384817, 0.4024010411619567, 0.09039963135576617], [0.0010503244978449996, 0.001016999267103071, 0.5777567191782881, 0.42017595705676386], [0.0025817737347443538, 0.0026333223758934782, 0.9922071751442623, 0.002577728745099936], [0.002000306742416647, 0.10953248581151163, 0.8864800835379302, 0.001987123908141498], [0.48131491985596153, 0.000676246132466409, 0.0006560431762633323, 0.5173527908353087], [0.5175426420071263, 0.00048803788299843335, 0.000488444795161096, 0.48148087531471423], [0.0005633841354620848, 0.8005425172250892, 0.0005721037377133355, 0.19832199490173535], [0.0009951857323410996, 0.9970413889537454, 0.0009750607032860357, 0.000988364610627461], [0.995304485752124, 0.0015666462125178825, 0.0015583434396181715, 0.0015705245957398628], [0.001329433564201301, 0.9959681478202533, 0.0013312757905937637, 0.0013711428249516431], [0.0005709395026293409, 0.19352978086511105, 0.796691480414319, 0.009207799217940448], [0.0011565587240102702, 0.4191350709363426, 0.4489256461100174, 0.13078272422962978], [0.5067163505283285, 0.00030671981345393887, 0.49266369331110244, 0.0003132363471150804], [0.18876171944920309, 0.15305148472943397, 0.16312998227561606, 0.4950568135457469], [0.0004712886828439264, 0.10227465327677819, 0.00047446094206472, 0.8967795970983131], [0.0006106032779239652, 0.7666042427441704, 0.16679421562169966, 0.06599093835620612], [0.0011934719944032557, 0.0012301666646087697, 0.9963586976139835, 0.001217663727004381], [0.3401471397063237, 0.22511998002472763, 0.19873818640058627, 0.23599469386836247], [0.002193247086195111, 0.0022134191557930754, 0.002237908206195589, 0.9933554255518162], [0.3685582511935706, 0.00022733344653498897, 0.08288491262312776, 0.5483295027367667], [0.255868698022498, 0.6115705243384217, 0.0020579642810562133, 0.13050281335802413], [0.0012115856432809156, 0.25334655058410255, 0.7442130099025107, 0.0012288538701056655], [0.0009177096164375785, 0.9247818796520678, 0.0009220956807968001, 0.07337831505069772], [0.00037894599519465937, 0.3932534616865949, 0.010182915490398011, 0.5961846768278123], [0.9960680161128594, 0.0013148537236439487, 0.0013162633389056217, 0.0013008668245910572], [0.3823957904846159, 0.04333020755001095, 0.5739409028954946, 0.00033309906987861944], [0.591117743110587, 0.0723512627961377, 0.3361229953999102, 0.0004079986933649844], [0.0023143502989985873, 0.4636760443327185, 0.5316896404562266, 0.0023199649120563106], [0.001033147027162124, 0.9968982454300955, 0.0010234874796631534, 0.001045120063079246], [0.0011372233837836563, 0.0011027877389388474, 0.0011082621874113725, 0.9966517266898661], [0.08392123173563476, 0.7019083833647608, 0.0010684366043038132, 0.21310194829530055], [0.17918548442637028, 0.0008867873625081631, 0.8190294089231415, 0.0008983192879800024], [0.007823170643369133, 0.0003779461572037778, 0.8874023168125903, 0.10439656638683677], [0.00370437276679588, 0.988853912524136, 0.003750244234616198, 0.0036914704744519717], [0.9618162768066996, 0.0357380370353607, 0.0012296714669738369, 0.0012160146909658282], [0.0010665364426055797, 0.8348330989509027, 0.16305801856069585, 0.001042346045795777], [0.7874556199141804, 0.16115692751325622, 0.0005562205327788243, 0.05083123203978448], [0.06154678262080689, 0.15344803878087318, 0.7218338335292075, 0.0631713450691124], [0.002334438914057838, 0.9930776475293899, 0.0022720486055874817, 0.00231586495096482], [0.6833950823085149, 0.2587665663136052, 0.0572483435569311, 0.0005900078209488945], [0.0012910375174789396, 0.08570830537313448, 0.0013080876242676964, 0.9116925694851189], [0.21786408255112774, 0.03006119151122485, 0.5007616070051908, 0.2513131189324566], [0.00045368868597068726, 0.38689172494750923, 0.35907482981920613, 0.25357975654731396], [0.0011846073034244542, 0.4000066520844639, 0.5976123218304699, 0.0011964187816417811], [0.007100819954325581, 0.007202031152106486, 0.007155236550647691, 0.9785419123429203], [0.0014537331246812105, 0.25238402226648726, 0.4132301445351942, 0.33293210007363744], [0.0013184218716945251, 0.0012853696138553556, 0.8689370672834948, 0.12845914123095536], [0.04641998845917374, 0.45820339279766886, 0.001671701418816697, 0.49370491732434074], [0.0009972053937371207, 0.2688792203126133, 0.0009975320662034624, 0.729126042227446], [0.38022993422161333, 0.07678618646235176, 0.39797242962392865, 0.14501144969210636], [0.0009089531060256228, 0.9972625528935324, 0.0009109165417344375, 0.0009175774587074335], [0.995171609291842, 0.0016083768100957612, 0.0016306602750310304, 0.0015893536230313628], [0.001134010636241445, 0.8532941715812224, 0.14441292064833539, 0.0011588971342006889], [0.48641811208589175, 0.08613268763602887, 0.2671969612032622, 0.1602522390748171], [0.0007973651096024791, 0.0007901696769933322, 0.6607712596339225, 0.3376412055794818], [0.9970606901296649, 0.0009772577794311883, 0.0009844336261688495, 0.0009776184647350952], [0.0013521830334073657, 0.9959382673338687, 0.0013620291209666374, 0.0013475205117571888], [0.0013029459981786767, 0.9960322873495941, 0.0013456941611639929, 0.0013190724910631102], [0.0006531990405277489, 0.4977461432303876, 0.0006477972288307791, 0.5009528605002539], [0.000645328446146864, 0.7296440325743256, 0.2690556917272348, 0.0006549472522927629], [0.5204615075347869, 0.0006926490345523729, 0.47816649136240597, 0.0006793520682547337], [0.9990331088866298, 0.0003187101809515418, 0.00032070648189470657, 0.0003274744505240531], [0.17994946458264355, 0.6640326548351735, 0.00018939351130532793, 0.15582848707087743], [0.6847364261587103, 0.30303049309799013, 0.0061270509864987605, 0.006106029756800909], [0.0008634563724055716, 0.997378113288755, 0.0008942847617329652, 0.0008641455771064617], [0.0031841086127779228, 0.9903315956674473, 0.0032199638713166496, 0.003264331848458058], [0.0013783665388775442, 0.9958298184989799, 0.001391270966630549, 0.001400543995511923], [0.5770559311039813, 0.0009717861884753138, 0.420980317179253, 0.0009919655282904206], [0.35581583482912366, 0.5548620902063781, 0.08845610551118636, 0.0008659694533117705], [0.0010967610408177378, 0.41122184174357995, 0.12264231756676999, 0.46503907964883234], [0.0014582792954458094, 0.5837560503110014, 0.4133073013534092, 0.0014783690401436135], [0.15424100249995298, 0.2583160073857033, 0.5865296499889957, 0.0009133401253479829], [0.0324875444811155, 0.0005082773473275601, 0.3360739476402994, 0.6309302305312575], [0.998488515390107, 0.0005034273628481987, 0.0005088155092058484, 0.0004992417378389656], [0.0011746872042723907, 0.0011889397469935696, 0.9964652026047314, 0.001171170444002663], [0.0008977289651108527, 0.0009046386061805374, 0.9972975070060082, 0.000900125422700453], [0.9967137212581196, 0.0011033927266787366, 0.0010998100110378088, 0.001083076004163852], [0.3402166154968631, 0.07303703184726454, 0.586409675230947, 0.0003366774249252505], [0.001200937305079619, 0.001165704227840054, 0.001172390338622026, 0.9964609681284584], [0.8895032255465513, 0.04034623123389381, 0.0699575317037124, 0.00019301151584245654], [0.0009414515965840525, 0.17648389924652622, 0.8216058171985845, 0.0009688319583051881], [0.47932585827093455, 0.0009319962109171903, 0.000957848498018487, 0.5187842970201297], [0.00031438221238148614, 0.866425289850694, 0.13294371302130106, 0.0003166149156235204], [0.0008810431017903117, 0.7048328649622112, 0.29340220928682126, 0.0008838826491771996], [0.0007111991637821474, 0.11428804985922303, 0.8507747664885691, 0.034225984488425704], [0.0014779627181737065, 0.20246303322722, 0.7944741942999717, 0.00158480975463456], [0.0015132725151303904, 0.0014929557037575826, 0.0015116123335216986, 0.9954821594475903], [0.13039248653926966, 0.034267756736450466, 0.3119739311707506, 0.5233658255535293], [0.14510174091900868, 0.14833265473248342, 0.5072239592281071, 0.19934164512040076], [0.0016460612965001318, 0.6552725994923563, 0.0628588606978355, 0.280222478513308], [0.1737979106558723, 0.0010110343729202672, 0.0009902578058351664, 0.8242007971653723], [0.0010502421520552309, 0.001012087778551313, 0.9968790015358315, 0.0010586685335617074], [0.06731121463764828, 0.14748365586175385, 0.3292983678510301, 0.4559067616495678], [0.0003147406309564095, 0.8797001623940814, 0.00031199096964135977, 0.11967310600532075], [0.0013387323339285454, 0.1770893682673757, 0.8202325373897411, 0.001339362008954779], [0.011061058554051694, 0.966466816778362, 0.011088755656771327, 0.01138336901081487], [0.533859118250352, 0.4648643468566497, 0.0006357473241513357, 0.000640787568846979], [0.44542058996614425, 0.5529954565708269, 0.0007895224112527595, 0.0007944310517760536], [0.9030709730856805, 0.000172842720382271, 0.09657930006399779, 0.0001768841299393999], [0.3242046351126206, 0.17293650865931087, 0.001037092794740759, 0.5018217634333278], [0.00175209481782928, 0.9947763619575938, 0.001727345266220197, 0.001744197958356795], [0.35178841464638405, 0.000538203586369865, 0.000546883365929292, 0.6471264984013168], [0.0006786795255409469, 0.6002556783465522, 0.2025374393084749, 0.19652820281943192], [0.9971957643167486, 0.0009456943762646068, 0.0009370376936364457, 0.0009215036133501372], [0.9937150681331104, 0.0020795165538846777, 0.002092888451591585, 0.00211252686141335], [0.000801887077995153, 0.9976002356573985, 0.0007906754744239985, 0.0008072017901821877], [0.001099630874270977, 0.0011309436511361705, 0.9966573067499384, 0.0011121187246544892], [0.564341280269966, 0.00048092228914481546, 0.2629620586285377, 0.17221573881235144], [0.006733837674968009, 0.36260292457974674, 0.006790274266724218, 0.623872963478561], [0.6118439276908554, 0.29335706534146566, 0.053039387874041374, 0.04175961909363756], [0.3947136503384862, 0.0007747465100762152, 0.60370887132956, 0.0008027318218776035], [0.8715206696423131, 0.0008715947908661235, 0.126712883787212, 0.0008948517796087482], [0.7187136653168884, 0.03242963554198116, 0.24341928815676708, 0.005437410984363326], [0.0007951694128112488, 0.780850490630099, 0.21754658524230597, 0.0008077547147835965], [0.0014528986417489365, 0.9333146263378747, 0.06376064595706155, 0.0014718290633149447], [0.22963277913639657, 0.670275069756475, 0.06468394064881007, 0.03540821045831847], [0.11715941619741606, 0.07564728788750855, 0.8062842896417147, 0.0009090062733605949], [0.4935970741438638, 0.0005100296287331693, 0.5053827857042232, 0.0005101105231799708], [0.8254692240168512, 0.0007991091284202061, 0.04889093734338788, 0.12484072951134077], [0.5982881418383165, 0.0005711542739006266, 0.0005830802318294215, 0.4005576236559535], [0.0013983140773786522, 0.013647979177659648, 0.7448849136728483, 0.2400687930721134], [0.0008015373623840571, 0.5495550187163628, 0.4211826396296892, 0.02846080429156398], [0.7234154681476864, 0.0003495898605655002, 0.0003567666556578882, 0.2758781753360902], [0.6813641887090051, 0.03546159376128282, 0.0005207994180105011, 0.2826534181117016], [0.0014017788209956421, 0.17621721343776406, 0.8209798375172582, 0.0014011702239820594], [0.056916499296106746, 0.629685113997432, 0.3124244345054698, 0.0009739522009915774], [0.4200472338175173, 0.34865294129502095, 0.028847256253629133, 0.20245256863383274], [0.0015700779389252065, 0.29739144020419894, 0.6994570312223531, 0.001581450634522651], [0.253651220125771, 0.1172434768458332, 0.6282604219253626, 0.0008448811030332019], [0.9989088038332946, 0.0003659459078224438, 0.0003633465384322036, 0.00036190372045064316], [0.0012336881674504267, 0.41867549579981245, 0.5788404369987651, 0.0012503790339719347], [0.002448564453195669, 0.08866269987955334, 0.9064419905683726, 0.00244674509887842], [0.0010410161998310012, 0.10378889808147165, 0.8941167754357464, 0.0010533102829510142], [0.9959284532616077, 0.0013353927365626168, 0.0013656803059063246, 0.0013704736959234275], [0.5085391322101371, 0.22833798996365232, 0.0016181823080736422, 0.261504695518137], [0.05590793660707023, 0.0011665428831225978, 0.9417646881026299, 0.0011608324071772209], [0.866815767025966, 0.0003916976101901854, 0.13239866736607134, 0.0003938679977724283], [0.6786465293847731, 0.22135471774948237, 0.000778914806139103, 0.09921983805960534], [0.0012019553103968807, 0.8030051261927995, 0.1240236235179966, 0.071769294978807], [0.0007840328648576158, 0.0007599015421114666, 0.6083466014085958, 0.3901094641844351], [0.7247460551631446, 0.049890542157436955, 0.00036298206576398424, 0.2250004206136544], [0.0009466969310809555, 0.1617551869130089, 0.6229278794214619, 0.2143702367344484], [0.4126947022332391, 0.00024034434476661971, 0.5868192750464627, 0.00024567837553170425], [0.9970136907712884, 0.000986659562245643, 0.0010086520365055014, 0.0009909976299605375], [0.0007666696106695753, 0.0007490003279664974, 0.6408556464875474, 0.35762868357381655], [0.08902709187647029, 0.13848411020666013, 0.03132255449372792, 0.7411662434231416], [0.0012847032410411596, 0.6875193359362834, 0.001303646989336953, 0.30989231383333843], [0.31375825106160454, 0.15580912386446974, 0.18148911331273002, 0.34894351176119565], [0.000768226872681868, 0.7767388467429563, 0.2217214493666695, 0.0007714770176923326], [0.5986708171957209, 0.0004186564526523598, 0.0004183250108182515, 0.4004922013408085], [0.3019945758716838, 0.04567613851633407, 0.0003797343694639375, 0.6519495512425182], [0.0011757216627401356, 0.21254971727563268, 0.7851138127927515, 0.00116074826887555], [0.1218943424527162, 0.8766079199697067, 0.0007428608435675355, 0.0007548767340095629], [0.8805620298178426, 0.03136901600063972, 0.00037421275867015736, 0.08769474142284764], [0.1088454762101176, 0.3113981161451787, 0.0006979675087892613, 0.5790584401359143], [0.07484462766390092, 0.0009386502873924302, 0.8704842807938018, 0.0537324412549048], [0.9982052021718051, 0.0006026393796350191, 0.0005935866949789203, 0.0005985717535808703], [0.003703365915255594, 0.0035767873207709516, 0.0035903094344919054, 0.9891295373294816], [0.08129577985169428, 0.0009370245030085295, 0.8592241417531329, 0.05854305389216418], [0.03446862636129383, 0.5355031141705813, 0.0005723373539083545, 0.42945592211421657], [0.09800284724882899, 0.13152366391246173, 0.4167551463856404, 0.3537183424530688], [0.7145114543497513, 0.00046964678922545766, 0.0004775575093677395, 0.28454134135165543], [0.9959275695564587, 0.0013461913774045452, 0.0013678933513065436, 0.001358345714830346], [0.0023788921985963235, 0.0023526642775664034, 0.9928787133837196, 0.002389730140117619], [0.2209491711498245, 0.0009391111953734177, 0.7771554898583878, 0.0009562277964142897], [0.0010182975164081363, 0.0009865625745883661, 0.9969885979188906, 0.0010065419901130084], [0.2718752736742561, 0.7170770911479843, 0.00543224282109362, 0.00561539235666601], [0.6858558755010353, 0.000307193946408549, 0.00030939703703662663, 0.3135275335155194], [0.6381026947453924, 0.0006172325482387082, 0.0006152797017873696, 0.36066479300458154], [0.6208252955861755, 0.0004577986112007837, 0.0004594905798397017, 0.3782574152227841], [0.14687798482924244, 0.47676402278412905, 0.1406140939733436, 0.23574389841328497], [0.9985367526419823, 0.00048405203531134457, 0.0004887910475971396, 0.0004904042751090626], [0.78269182200283, 0.0005029532580112663, 0.0004959943967219475, 0.21630923034243663], [0.39848771295345536, 0.051659424213368055, 0.5489018804546534, 0.0009509823785230721], [0.3831611174721171, 0.000648655225573222, 0.6155316809042454, 0.0006585463980642826], [0.9461420473215898, 0.00029114417598240136, 0.00029667113338784567, 0.05327013736903997], [0.9044502018276663, 0.000441403566473744, 0.00043657353660595883, 0.09467182106925408], [0.3973831069864102, 0.00037686733949740455, 0.0003680227004625604, 0.6018720029736297], [0.0009193220248120436, 0.8787748737246818, 0.0009092698261679527, 0.11939653442433837], [0.034630149673306104, 0.033514480153277765, 0.8963164447078168, 0.03553892546559927], [0.527031987000515, 0.0007531717643801251, 0.47144310814014706, 0.0007717330949577249], [0.4172227622867819, 0.00043719678767099624, 0.5819005307016454, 0.0004395102239017153], [0.0022539417014795786, 0.0022827590543418414, 0.9932084494055741, 0.002254849838604483], [0.6359567867574224, 0.0004761112627004485, 0.36308003533438665, 0.0004870666454905819], [0.9978946811056292, 0.0006963710371091428, 0.0007008149208286626, 0.0007081329364331193], [0.9538418739211714, 0.000837193357781699, 0.04446290713482168, 0.0008580255862250595], [0.7846460315323464, 0.0023499698184107627, 0.21063698303206424, 0.002367015617178674], [0.8165987612486469, 0.00015464967720173125, 0.18309280177334056, 0.00015378730081084326], [0.07011070483073574, 0.027798203726684425, 0.682599968307537, 0.2194911231350429], [0.6416072983790249, 0.00030134069901544555, 0.00029811754575495423, 0.35779324337620483], [0.3276691653083092, 0.13610622069753947, 0.40844606229105473, 0.12777855170309657], [0.27052361849406303, 0.04784270969209552, 0.5549674716207978, 0.12666620019304375], [0.9978843747748835, 0.0006888367327545493, 0.0007159432457049202, 0.0007108452466570496], [0.9378758336012302, 0.059561822668398864, 0.0012766151927580184, 0.0012857285376130377], [0.0009677270082959246, 0.9154169675530602, 0.08264389989749711, 0.0009714055411469149], [0.20436978292889832, 0.6582272721890944, 0.1367460750864968, 0.0006568697955103418], [0.002198328870640189, 0.9933278908787632, 0.0021849877605377172, 0.0022887924900589383], [0.0008447662002130696, 0.46162621597992054, 0.2312844850097111, 0.30624453281015523], [0.2666758416854555, 0.7286590220885243, 0.002347962483162015, 0.002317173742858175], [0.7997795039712307, 0.01073339542728189, 0.0005075139450144728, 0.18897958665647285], [0.004610968959315974, 0.8493989146702672, 0.004706697265002628, 0.14128341910541423], [0.850665478514198, 0.0005043772723966617, 0.14832632638195214, 0.0005038178314532932], [0.0006330232535680444, 0.8884658641086755, 0.11028242869787924, 0.0006186839398773385], [0.3351626930950671, 0.0010940037392176984, 0.6626387911301368, 0.0011045120355785603], [0.21588998483691077, 0.76294157878105, 0.00036642825172697625, 0.020802008130312234], [0.7612980253845776, 0.0008546546859277212, 0.1826605188256406, 0.05518680110385414], [0.9355193469256329, 0.0008319976934667478, 0.06281770860488921, 0.0008309467760112717], [0.0016722348195322134, 0.7797633149779601, 0.0016687531214809755, 0.21689569708102668], [0.9978992940908944, 0.0006917879910409504, 0.0007066048150039314, 0.000702313103060812], [0.0003511019045641269, 0.5442112925853902, 0.3044434738237471, 0.1509941316862986], [0.0011141392636857463, 0.1934557983740123, 0.0011247621719692902, 0.8043053001903326], [0.12372312594143578, 0.31236796468524025, 0.4678504127824693, 0.09605849659085461], [0.7017680433539675, 0.27790492903068403, 0.010100505992153784, 0.010226521623194686], [0.02071907598386792, 0.00038403723996286175, 0.9785131087991303, 0.0003837779770387691], [0.46910645194074685, 0.00048599812699303384, 0.5299070461887578, 0.0005005037435022751], [0.0005672746861258012, 0.16309927621117823, 0.000559085656137812, 0.8357743634465581], [0.08142810291128126, 0.311604577255941, 0.5614968803744561, 0.04547043945832167], [0.41873342535338265, 0.0015465349781638561, 0.4128243584095445, 0.16689568125890902], [0.7169587843831757, 0.2775545614989296, 0.0026935780450463007, 0.0027930760728483487], [0.0006695961938125921, 0.7068125378869774, 0.0006617851272542037, 0.2918560807919558], [0.6528668050106904, 0.03653735372867894, 0.31012575065132536, 0.00047009060930522687], [0.0007155641335481423, 0.8000006477330492, 0.1369240320765463, 0.06235975605685624], [0.009719759862230228, 0.9276419510090249, 0.06230327181322268, 0.0003350173155220715], [0.9135897600769064, 0.00040141197881650664, 0.0856002803993272, 0.00040854754494990664], [0.003887312482778427, 0.9883028852694746, 0.003915699544010766, 0.003894102703736095], [0.18118730839125277, 0.7798532834403987, 0.037342111165127416, 0.0016172970032210467], [0.7376050957431588, 0.1315593073629098, 0.0010492527665483023, 0.12978634412738316], [0.7395194343214204, 0.06559184285972622, 0.19458089214879926, 0.0003078306700541826], [0.001132371455375938, 0.15955721185882765, 0.8381945770035284, 0.0011158396822680146], [0.00915296182300486, 0.0007248908852482359, 0.34035738214293826, 0.6497647651488087], [0.3463548479377486, 0.6530376843722038, 0.0003048855643493794, 0.0003025821256982099], [0.001024837881762482, 0.9968977082588113, 0.0010432710517559844, 0.0010341828076703508], [0.18687348116940963, 0.0001864852808298739, 0.00018226308231941463, 0.812757770467441], [0.4661001047789238, 0.47842450223099026, 0.05468664510698818, 0.0007887478830979034], [0.12172082350083645, 0.0008073785107312821, 0.000805856827763704, 0.8766659411606684], [0.9197780746533258, 0.0005582374891756034, 0.0005670241692130692, 0.07909666368828541], [0.6776208743700061, 0.00016697005593638588, 0.00016660606012534266, 0.32204554951393227], [0.008074554181402264, 0.7941109620953947, 0.09290686849343198, 0.10490761522977099], [0.9958168702307492, 0.0013965511744448416, 0.0014026316368871306, 0.0013839469579188556], [0.0008926910970607177, 0.9357870022589335, 0.06242369822162169, 0.0008966084223840649], [0.9305091837690281, 0.0007918721357329233, 0.06791551637627095, 0.0007834277189680146], [0.45617351850843396, 0.0006570180928187422, 0.0006623101605920561, 0.5425071532381552], [0.1349178577731851, 0.6468774014238482, 0.11336121114804766, 0.10484352965491897], [0.0007322737605097352, 0.6449255399594522, 0.3535823165138536, 0.0007598697661843091], [0.17848767570471655, 0.09946040024295308, 0.06911237713583093, 0.6529395469164995], [0.00029084540976744217, 0.2601853756515991, 0.7392277424932212, 0.0002960364454123687], [0.0020043126858094187, 0.332933535207592, 0.6630747487019716, 0.0019874034046270684], [0.32734759027965404, 0.0019939511715666896, 0.5667009156611019, 0.10395754288767724], [0.0006880051339246963, 0.0006717685525027488, 0.6709029919254678, 0.32773723438810487], [0.3139621677290434, 0.6264994290838077, 0.0018591403189429615, 0.057679262868205905], [0.0007083956182978916, 0.9978853592331797, 0.0007051573877723569, 0.0007010877607501854], [0.7942069713185534, 0.0009166695502173079, 0.20394228560000255, 0.0009340735312266905], [0.003131062341216042, 0.8829008780043545, 0.0030847961377456776, 0.1108832635166839], [0.0020190554331875076, 0.9938808861539427, 0.002066313747062251, 0.002033744665807567], [0.0007161737982260811, 0.0006902962718948315, 0.0006858022461089162, 0.9979077276837701], [0.505224265990045, 0.04801681986075005, 0.05115407612367556, 0.3956048380255293], [0.18925633688062152, 0.25810687236292706, 0.25015813638113454, 0.3024786543753169], [0.0005011040987903063, 0.0005027867593638294, 0.0005082666370341283, 0.9984878425048118], [0.9365033310164663, 0.000478265061764149, 0.06254631249561056, 0.00047209142615891025], [0.0010944996430057806, 0.9966835916909697, 0.0011219161143834493, 0.0010999925516410386], [0.998721110720445, 0.00042218607844762314, 0.00043324216252466226, 0.00042346103858272624], [0.7730392983107148, 0.00036036177128177495, 0.000362107904431286, 0.22623823201357215], [0.7693874015871244, 0.0021302402781665604, 0.22635621226527822, 0.002126145869430759], [0.001001135341991658, 0.9970301275044152, 0.000985705121238407, 0.0009830320323546081], [0.20273543584386228, 0.0006020790357191584, 0.7960597229265827, 0.0006027621938358632], [0.6761682200934648, 0.0007074684804353395, 0.32243399259210104, 0.0006903188339987754], [0.4447404779053721, 0.19446877578309124, 0.3595442755244602, 0.0012464707870763728], [0.0005710434722744742, 0.9982753146556523, 0.0005774111132534785, 0.0005762307588197049], [0.8480067404769601, 0.0003575957562626307, 0.15127944534313686, 0.00035621842364055227], [0.666390280135548, 0.0007369649225988927, 0.3321546512317929, 0.0007181037100602136], [0.001197616027492807, 0.9963732122275325, 0.0012096972728988236, 0.0012194744720758518], [0.0005508767075699329, 0.4205344520882651, 0.5365092452819468, 0.04240542592221815], [0.021780494284300678, 0.9759064835591169, 0.0011539880223214536, 0.0011590341342609125], [0.1156708164451039, 0.8823876616949641, 0.0009702739501654957, 0.0009712479097664556], [0.001764194937469847, 0.0017012255757247493, 0.001699583060090307, 0.9948349964267151], [0.9130728866737066, 0.08592571116214945, 0.0005009446434028107, 0.000500457520740983], [0.975535718016754, 0.02344410820387443, 0.0005084477079391211, 0.0005117260714325131], [0.9982445165305107, 0.0005757648977705733, 0.0005867369531129772, 0.0005929816186058384], [0.0008849535287778033, 0.09090235026559701, 0.0008781890643509245, 0.9073345071412743], [0.0011681210429032376, 0.9965090001307895, 0.001151025474658991, 0.0011718533516482763], [0.3270644532069516, 0.000695339727471866, 0.19420563539084096, 0.4780345716747356], [0.0013648977957672213, 0.7958120953851994, 0.13360752461808767, 0.06921548220094573], [0.9977179697669888, 0.0007438489620737553, 0.0007657273002036486, 0.0007724539707339123], [0.001227918103418698, 0.9962770059373226, 0.0012417520000559457, 0.0012533239592027398], [0.0008752193954555954, 0.5790798066832148, 0.41915385793295, 0.000891115988379647], [0.6590325303025217, 0.0006854550667172536, 0.2707099587006808, 0.06957205593008017], [0.5248504016377853, 0.025271121107988646, 0.00044282846153927466, 0.4494356487926867], [0.3814619090562518, 0.6174894989400969, 0.0005230883126184876, 0.0005255036910328331], [0.6977323320843526, 0.11863410629454484, 0.0379109438936908, 0.14572261772741177], [0.13655415165677792, 0.0009269975129219799, 0.48713461557792154, 0.37538423525237846], [0.765506447244106, 0.0005478436394905963, 0.2334103399703138, 0.0005353691460896192], [0.7000189796444211, 0.009347638849629485, 0.2470074684628988, 0.04362591304305069], [0.0004031605454890803, 0.8505460764443965, 0.09000415600949699, 0.0590466070006174], [0.8301446602230872, 0.02501855919375632, 0.0002214115618065586, 0.14461536902135008], [0.9987464296768408, 0.0004159962935119346, 0.0004184916926048331, 0.0004190823370423901], [0.021455426984393306, 0.25735019818365307, 0.3095238299402566, 0.411670544891697], [0.802406458850437, 0.0006512011608796986, 0.000682597515492103, 0.19625974247319108], [0.25230098888653046, 0.00032480533758622916, 0.10742333748242362, 0.6399508682934597], [0.0006038287245004685, 0.0005982932834773997, 0.0005942606014696321, 0.9982036173905525], [0.060250432059392935, 0.18099871183339103, 0.7583188829254087, 0.0004319731818072839], [0.8045295475690758, 0.0006514080308292333, 0.0008964824829244868, 0.1939225619171705], [0.0007287554589149374, 0.47109637299447105, 0.4190625685833925, 0.10911230296322154], [0.0003712093546235057, 0.5701117756683391, 0.35298539699526144, 0.07653161798177593], [0.00047279687856650366, 0.5422444298045979, 0.41965337162916394, 0.03762940168767166], [0.0006603759916377698, 0.15816611350477824, 0.8405225428293559, 0.0006509676742280743], [0.50654351921862, 0.49257006127936637, 0.0004427421778663386, 0.00044367732414720535], [0.0004754589196048193, 0.7564084877109243, 0.24264262922945287, 0.00047342414001817166], [0.8498683080130847, 0.0007895913545213593, 0.13749498732392842, 0.011847113308465452], [0.062393261720884725, 0.4044380490441058, 0.00011031452142922812, 0.5330583747135803], [0.40044829218875116, 0.00020311191548081094, 0.09281074256476451, 0.5065378533310035], [0.0015076738371970892, 0.8709200783114948, 0.0014739310132830103, 0.1260983168380252], [0.9990322252552142, 0.000320241927013594, 0.0003241943918650141, 0.00032333842590717525], [0.00024586595565910627, 0.16755647290253325, 0.10957142439693571, 0.7226262367448719], [0.993928661947902, 0.00033639037866391885, 0.005401580241646908, 0.00033336743178723774], [0.754551886724665, 0.036712970263793415, 0.023143813391361127, 0.18559132962018057], [0.515926577151327, 0.0002118737014779178, 0.4836527724079939, 0.000208776739201269], [0.9626939469834425, 0.03351887082040138, 0.0034250764652897165, 0.0003621057308663957], [0.001818137047101349, 0.001807787883205121, 0.0017748659696757469, 0.9945992091000178], [0.0004464107248990412, 0.00043390086091115815, 0.0004245361819871847, 0.9986951522322026], [0.0005220720598213547, 0.7274683409072611, 0.2714940279200983, 0.0005155591128192831], [0.001458074049235088, 0.7486694974128927, 0.24843991459737047, 0.0014325139405017484], [0.0005089608381555822, 0.9984802402862426, 0.000511495326015753, 0.0004993035495860171], [0.0004844972861040452, 0.7157548577439107, 0.21319466964089745, 0.0705659753290877], [0.013764328026929118, 0.013842497841606332, 0.014561042563161092, 0.9578321315683035], [0.00031463034572956, 0.